Id,Prediction
1,1
2,1
3,0
4,0
5,0
6,0
7,1
8,1
9,1
10,0
11,1
12,1
13,1
14,0
15,0
16,1
17,0
18,0
19,1
20,0
21,0
22,1
23,1
24,1
25,0
26,1
27,0
28,0
29,0
30,1
31,1
32,1
33,0
34,0
35,0
36,0
37,0
38,1
39,0
40,0
41,1
42,1
43,1
44,1
45,1
46,0
47,0
48,0
49,1
50,0
51,0
52,0
53,0
54,0
55,0
56,1
57,0
58,1
59,1
60,0
61,1
62,0
63,0
64,1
65,0
66,1
67,0
68,0
69,1
70,1
71,0
72,1
73,1
74,1
75,1
76,0
77,0
78,1
79,0
80,1
81,0
82,0
83,0
84,1
85,0
86,0
87,1
88,0
89,0
90,0
91,0
92,0
93,0
94,0
95,0
96,1
97,0
98,0
99,0
100,0
101,0
102,0
103,1
104,1
105,0
106,0
107,1
108,0
109,1
110,1
111,0
112,1
113,0
114,1
115,0
116,1
117,0
118,1
119,1
120,0
121,1
122,1
123,1
124,1
125,0
126,1
127,1
128,1
129,1
130,1
131,1
132,1
133,1
134,0
135,0
136,1
137,0
138,1
139,0
140,1
141,1
142,0
143,1
144,1
145,0
146,1
147,1
148,1
149,1
150,1
151,1
152,1
153,1
154,0
155,1
156,1
157,0
158,0
159,1
160,0
161,1
162,0
163,1
164,1
165,1
166,0
167,0
168,0
169,0
170,0
171,1
172,1
173,1
174,1
175,0
176,0
177,1
178,1
179,0
180,0
181,1
182,1
183,0
184,0
185,1
186,1
187,0
188,1
189,0
190,1
191,0
192,1
193,1
194,1
195,0
196,1
197,0
198,1
199,1
200,0
201,1
202,1
203,1
204,0
205,1
206,1
207,1
208,1
209,0
210,1
211,1
212,0
213,0
214,1
215,0
216,0
217,1
218,0
219,1
220,0
221,0
222,1
223,0
224,1
225,0
226,1
227,1
228,1
229,1
230,1
231,0
232,1
233,1
234,1
235,1
236,1
237,0
238,0
239,0
240,0
241,0
242,1
243,0
244,1
245,0
246,1
247,0
248,0
249,1
250,1
251,0
252,1
253,0
254,0
255,1
256,1
257,1
258,1
259,0
260,1
261,0
262,0
263,0
264,0
265,1
266,0
267,0
268,1
269,0
270,1
271,1
272,0
273,1
274,1
275,1
276,0
277,1
278,0
279,1
280,0
281,1
282,0
283,1
284,0
285,0
286,1
287,0
288,1
289,1
290,1
291,1
292,0
293,0
294,1
295,0
296,0
297,0
298,0
299,0
300,0
301,1
302,0
303,0
304,0
305,1
306,1
307,0
308,1
309,0
310,1
311,0
312,1
313,1
314,0
315,1
316,1
317,1
318,0
319,0
320,1
321,0
322,1
323,1
324,1
325,0
326,0
327,0
328,0
329,0
330,1
331,0
332,1
333,0
334,0
335,0
336,0
337,1
338,0
339,1
340,1
341,0
342,0
343,0
344,0
345,1
346,0
347,1
348,1
349,1
350,0
351,1
352,1
353,1
354,1
355,0
356,0
357,0
358,1
359,1
360,1
361,0
362,0
363,1
364,0
365,1
366,1
367,1
368,0
369,1
370,1
371,1
372,1
373,0
374,1
375,1
376,1
377,0
378,1
379,1
380,0
381,0
382,0
383,1
384,1
385,0
386,1
387,1
388,1
389,0
390,0
391,1
392,1
393,1
394,1
395,1
396,1
397,1
398,0
399,1
400,1
401,1
402,1
403,1
404,1
405,1
406,0
407,0
408,1
409,0
410,0
411,1
412,1
413,0
414,0
415,0
416,1
417,0
418,0
419,0
420,1
421,0
422,0
423,1
424,1
425,1
426,1
427,0
428,1
429,1
430,1
431,0
432,1
433,0
434,0
435,0
436,0
437,1
438,1
439,0
440,1
441,1
442,1
443,1
444,0
445,1
446,0
447,1
448,1
449,1
450,0
451,1
452,0
453,1
454,1
455,0
456,0
457,1
458,1
459,1
460,0
461,1
462,0
463,1
464,1
465,0
466,0
467,1
468,1
469,0
470,0
471,0
472,0
473,1
474,0
475,0
476,1
477,0
478,0
479,1
480,0
481,0
482,1
483,0
484,0
485,1
486,0
487,0
488,1
489,1
490,1
491,1
492,0
493,1
494,1
495,1
496,0
497,1
498,1
499,0
500,1
501,1
502,1
503,1
504,0
505,0
506,1
507,0
508,0
509,1
510,1
511,1
512,1
513,1
514,1
515,1
516,1
517,0
518,0
519,0
520,0
521,0
522,0
523,0
524,1
525,0
526,1
527,0
528,0
529,1
530,1
531,0
532,1
533,0
534,0
535,0
536,0
537,0
538,1
539,1
540,1
541,0
542,0
543,1
544,0
545,1
546,0
547,1
548,0
549,0
550,0
551,0
552,0
553,1
554,1
555,0
556,0
557,1
558,0
559,1
560,0
561,1
562,0
563,1
564,0
565,0
566,0
567,0
568,0
569,1
570,0
571,1
572,1
573,0
574,1
575,0
576,1
577,1
578,0
579,1
580,0
581,0
582,0
583,1
584,1
585,0
586,1
587,1
588,1
589,0
590,1
591,1
592,1
593,0
594,0
595,1
596,1
597,0
598,1
599,0
600,0
601,0
602,1
603,0
604,1
605,1
606,1
607,1
608,0
609,1
610,1
611,0
612,0
613,0
614,1
615,0
616,0
617,1
618,1
619,1
620,1
621,1
622,1
623,1
624,1
625,0
626,0
627,0
628,0
629,1
630,0
631,1
632,1
633,1
634,0
635,1
636,0
637,0
638,0
639,1
640,1
641,1
642,1
643,1
644,0
645,0
646,0
647,1
648,0
649,0
650,0
651,0
652,1
653,0
654,1
655,1
656,1
657,0
658,1
659,1
660,1
661,0
662,1
663,1
664,0
665,1
666,0
667,0
668,1
669,1
670,1
671,0
672,1
673,1
674,1
675,0
676,0
677,0
678,0
679,1
680,0
681,1
682,1
683,1
684,1
685,1
686,1
687,1
688,0
689,1
690,1
691,0
692,0
693,1
694,0
695,0
696,0
697,1
698,0
699,0
700,0
701,1
702,1
703,1
704,1
705,0
706,1
707,1
708,1
709,0
710,0
711,0
712,1
713,0
714,1
715,0
716,1
717,1
718,1
719,1
720,1
721,0
722,1
723,1
724,1
725,0
726,0
727,1
728,0
729,0
730,0
731,0
732,0
733,1
734,1
735,1
736,1
737,1
738,0
739,0
740,1
741,1
742,0
743,0
744,1
745,1
746,1
747,0
748,0
749,1
750,0
751,1
752,0
753,1
754,0
755,1
756,0
757,0
758,1
759,1
760,0
761,1
762,1
763,1
764,1
765,1
766,0
767,1
768,0
769,0
770,1
771,1
772,0
773,0
774,0
775,1
776,1
777,0
778,0
779,1
780,0
781,1
782,0
783,0
784,0
785,1
786,1
787,1
788,0
789,0
790,0
791,1
792,1
793,1
794,0
795,0
796,0
797,0
798,1
799,0
800,0
801,1
802,0
803,0
804,0
805,1
806,1
807,1
808,1
809,1
810,1
811,1
812,1
813,1
814,0
815,1
816,0
817,1
818,0
819,1
820,1
821,1
822,1
823,1
824,1
825,0
826,0
827,1
828,0
829,0
830,1
831,1
832,1
833,1
834,0
835,0
836,1
837,0
838,1
839,0
840,1
841,0
842,1
843,1
844,1
845,1
846,1
847,0
848,0
849,1
850,1
851,1
852,1
853,0
854,1
855,0
856,0
857,1
858,0
859,0
860,0
861,1
862,1
863,0
864,0
865,1
866,1
867,1
868,0
869,1
870,1
871,1
872,0
873,1
874,0
875,0
876,1
877,0
878,0
879,1
880,0
881,0
882,1
883,0
884,0
885,0
886,1
887,1
888,1
889,1
890,0
891,0
892,0
893,0
894,0
895,1
896,1
897,1
898,1
899,0
900,1
901,1
902,1
903,0
904,1
905,0
906,0
907,1
908,1
909,1
910,0
911,1
912,1
913,0
914,0
915,1
916,0
917,1
918,0
919,0
920,0
921,1
922,0
923,1
924,0
925,1
926,0
927,0
928,0
929,0
930,1
931,0
932,1
933,1
934,0
935,1
936,1
937,0
938,1
939,0
940,0
941,0
942,0
943,1
944,0
945,0
946,1
947,0
948,1
949,0
950,0
951,1
952,1
953,0
954,0
955,1
956,1
957,1
958,0
959,1
960,1
961,1
962,1
963,0
964,0
965,0
966,1
967,0
968,1
969,1
970,0
971,0
972,1
973,0
974,1
975,0
976,0
977,1
978,0
979,1
980,1
981,0
982,1
983,0
984,1
985,1
986,0
987,0
988,0
989,0
990,1
991,0
992,1
993,0
994,1
995,1
996,0
997,0
998,1
999,0
1000,0
